# to_block_0,to_block_1,to_block_2,to_block_3,to_block_4,to_block_5,to_block_6,to_block_7,to_block_8,to_block_9,to_block_10,to_block_11,to_block_12,to_block_13,to_block_14,to_block_15,to_block_16,to_block_17
0.2470,0.6113,0.0364,0.0000,0.0405,0.0081,0.0567,0.0000,0.0000,0.0000,0.0000,0.0000,0.0000,0.0000,0.0000,0.0000,0.0000,0.0000
0.0381,0.7891,0.0345,0.0483,0.0180,0.0304,0.0253,0.0075,0.0032,0.0056,0.0000,0.0000,0.0000,0.0000,0.0000,0.0000,0.0000,0.0000
0.0000,0.4211,0.3158,0.2556,0.0000,0.0038,0.0038,0.0000,0.0000,0.0000,0.0000,0.0000,0.0000,0.0000,0.0000,0.0000,0.0000,0.0000
0.0000,0.0554,0.0131,0.7082,0.0519,0.0766,0.0398,0.0373,0.0116,0.0060,0.0000,0.0000,0.0000,0.0000,0.0000,0.0000,0.0000,0.0000
0.0283,0.1321,0.0000,0.2264,0.3302,0.2107,0.0377,0.0094,0.0000,0.0252,0.0000,0.0000,0.0000,0.0000,0.0000,0.0000,0.0000,0.0000
0.0000,0.0272,0.0016,0.0158,0.0076,0.7586,0.0095,0.0006,0.0073,0.0253,0.0038,0.0114,0.0057,0.0453,0.0051,0.0184,0.0425,0.0143
0.0023,0.1154,0.0000,0.2624,0.0045,0.1335,0.4367,0.0226,0.0226,0.0000,0.0000,0.0000,0.0000,0.0000,0.0000,0.0000,0.0000,0.0000
0.0000,0.0631,0.0000,0.3153,0.0000,0.0721,0.0405,0.4595,0.0495,0.0000,0.0000,0.0000,0.0000,0.0000,0.0000,0.0000,0.0000,0.0000
0.0000,0.3396,0.0000,0.0252,0.0000,0.1258,0.0000,0.0000,0.4969,0.0126,0.0000,0.0000,0.0000,0.0000,0.0000,0.0000,0.0000,0.0000
0.0000,0.0865,0.0000,0.0000,0.0000,0.2837,0.0000,0.0000,0.0000,0.4429,0.0000,0.0484,0.0346,0.0588,0.0450,0.0000,0.0000,0.0000
0.0000,0.0000,0.0000,0.0000,0.0000,1.0000,0.0000,0.0000,0.0000,0.0000,0.0000,0.0000,0.0000,0.0000,0.0000,0.0000,0.0000,0.0000
0.0000,0.0000,0.0000,0.0000,0.0000,0.4490,0.0000,0.0000,0.0000,0.0102,0.0000,0.4898,0.0510,0.0000,0.0000,0.0000,0.0000,0.0000
0.0000,0.0000,0.0000,0.0000,0.0000,0.8205,0.0000,0.0000,0.0000,0.0000,0.0000,0.0000,0.1538,0.0256,0.0000,0.0000,0.0000,0.0000
0.0000,0.0000,0.0000,0.0000,0.0000,0.5962,0.0000,0.0000,0.0000,0.1635,0.0000,0.0000,0.0000,0.2260,0.0144,0.0000,0.0000,0.0000
0.0000,0.0000,0.0000,0.0000,0.0000,0.8333,0.0000,0.0000,0.0000,0.0278,0.0000,0.0000,0.0000,0.0000,0.1111,0.0000,0.0278,0.0000
0.0000,0.0000,0.0000,0.0000,0.0000,0.1574,0.0000,0.0000,0.0000,0.0000,0.0000,0.0000,0.0000,0.0000,0.0000,0.7593,0.0833,0.0000
0.0000,0.0000,0.0000,0.0000,0.0000,0.8070,0.0000,0.0000,0.0000,0.0000,0.0000,0.0000,0.0000,0.0000,0.0000,0.0175,0.1754,0.0000
0.0000,0.0000,0.0000,0.0000,0.0000,0.5227,0.0000,0.0000,0.0000,0.0000,0.0000,0.0000,0.0000,0.0000,0.0000,0.0227,0.0000,0.4545
